0.00100000 	 -2.747233029598 	 -2.757484326865 	 0.000111444752 	 0.8138658961
0.00200000 	 -2.747397330986 	 -2.757489049417 	 0.000221559256 	 0.8075024804
0.00300000 	 -2.747559073268 	 -2.757493703341 	 0.000330356056 	 0.8011891404
0.00400000 	 -2.747718296455 	 -2.757498289619 	 0.000437847581 	 0.7949254759
0.00500000 	 -2.747875039931 	 -2.757502809221 	 0.000544046148 	 0.7887110898
0.00600000 	 -2.748029342457 	 -2.757507263102 	 0.000648963963 	 0.7825455886
0.00700000 	 -2.748181242189 	 -2.757511652206 	 0.000752613121 	 0.7764285820
0.00800000 	 -2.748330776681 	 -2.757515977464 	 0.000855005608 	 0.7703596827
0.00900000 	 -2.748477982896 	 -2.757520239795 	 0.000956153301 	 0.7643385070
0.01000000 	 -2.748622897218 	 -2.757524440104 	 0.001056067970 	 0.7583646742
0.01100000 	 -2.748765555459 	 -2.757528579286 	 0.001154761279 	 0.7524378066
0.01200000 	 -2.748905992868 	 -2.757532658222 	 0.001252244787 	 0.7465575300
0.01300000 	 -2.749044244142 	 -2.757536677783 	 0.001348529947 	 0.7407234729
0.01400000 	 -2.749180343431 	 -2.757540638826 	 0.001443628112 	 0.7349352671
0.01500000 	 -2.749314324350 	 -2.757544542198 	 0.001537550529 	 0.7291925475
0.01600000 	 -2.749446219987 	 -2.757548388734 	 0.001630308346 	 0.7234949519
0.01700000 	 -2.749576062909 	 -2.757552179259 	 0.001721912610 	 0.7178421210
0.01800000 	 -2.749703885173 	 -2.757555914583 	 0.001812374268 	 0.7122336986
0.01900000 	 -2.749829718334 	 -2.757559595510 	 0.001901704169 	 0.7066693315
0.02000000 	 -2.749953593449 	 -2.757563222828 	 0.001989913066 	 0.7011486693
0.02100000 	 -2.750075541092 	 -2.757566797318 	 0.002077011612 	 0.6956713644
0.02200000 	 -2.750195591353 	 -2.757570319748 	 0.002163010366 	 0.6902370722
0.02300000 	 -2.750313773852 	 -2.757573790876 	 0.002247919794 	 0.6848454509
0.02400000 	 -2.750430117747 	 -2.757577211451 	 0.002331750265 	 0.6794961616
0.02500000 	 -2.750544651734 	 -2.757580582208 	 0.002414512056 	 0.6741888678
0.02600000 	 -2.750657404063 	 -2.757583903877 	 0.002496215352 	 0.6689232363
0.02700000 	 -2.750768402540 	 -2.757587177173 	 0.002576870248 	 0.6636989361
0.02800000 	 -2.750877674534 	 -2.757590402803 	 0.002656486745 	 0.6585156394
0.02900000 	 -2.750985246987 	 -2.757593581465 	 0.002735074759 	 0.6533730208
0.03000000 	 -2.751091146417 	 -2.757596713846 	 0.002812644112 	 0.6482707574
0.03100000 	 -2.751195398929 	 -2.757599800625 	 0.002889204543 	 0.6432085294
0.03200000 	 -2.751298030216 	 -2.757602842468 	 0.002964765700 	 0.6381860193
0.03300000 	 -2.751399065570 	 -2.757605840036 	 0.003039337147 	 0.6332029121
0.03400000 	 -2.751498529888 	 -2.757608793977 	 0.003112928362 	 0.6282588956
0.03500000 	 -2.751596447675 	 -2.757611704933 	 0.003185548736 	 0.6233536601
0.03600000 	 -2.751692843054 	 -2.757614573534 	 0.003257207580 	 0.6184868983
0.03700000 	 -2.751787739768 	 -2.757617400404 	 0.003327914118 	 0.6136583055
0.03800000 	 -2.751881161191 	 -2.757620186156 	 0.003397677494 	 0.6088675795
0.03900000 	 -2.751973130330 	 -2.757622931395 	 0.003466506770 	 0.6041144204
0.04000000 	 -2.752063669830 	 -2.757625636717 	 0.003534410925 	 0.5993985310
0.04100000 	 -2.752152801986 	 -2.757628302711 	 0.003601398862 	 0.5947196162
0.04200000 	 -2.752240548738 	 -2.757630929956 	 0.003667479399 	 0.5900773836
0.04300000 	 -2.752326931689 	 -2.757633519023 	 0.003732661280 	 0.5854715429
0.04400000 	 -2.752411972099 	 -2.757636070476 	 0.003796953169 	 0.5809018063
0.04500000 	 -2.752495690898 	 -2.757638584869 	 0.003860363653 	 0.5763678883
0.04600000 	 -2.752578108689 	 -2.757641062750 	 0.003922901242 	 0.5718695057
0.04700000 	 -2.752659245749 	 -2.757643504658 	 0.003984574371 	 0.5674063777
0.04800000 	 -2.752739122043 	 -2.757645911125 	 0.004045391399 	 0.5629782256
0.04900000 	 -2.752817757219 	 -2.757648282674 	 0.004105360610 	 0.5585847731
0.05000000 	 -2.752895170622 	 -2.757650619823 	 0.004164490217 	 0.5542257460
0.05100000 	 -2.752971381291 	 -2.757652923079 	 0.004222788357 	 0.5499008723
0.05200000 	 -2.753046407969 	 -2.757655192945 	 0.004280263095 	 0.5456098824
0.05300000 	 -2.753120269106 	 -2.757657429914 	 0.004336922424 	 0.5413525087
0.05400000 	 -2.753192982862 	 -2.757659634475 	 0.004392774268 	 0.5371284858
0.05500000 	 -2.753264567116 	 -2.757661807106 	 0.004447826478 	 0.5329375505
0.05600000 	 -2.753335039465 	 -2.757663948282 	 0.004502086836 	 0.5287794415
0.05700000 	 -2.753404417231 	 -2.757666058469 	 0.004555563055 	 0.5246538999
0.05800000 	 -2.753472717468 	 -2.757668138126 	 0.004608262778 	 0.5205606687
0.05900000 	 -2.753539956960 	 -2.757670187706 	 0.004660193583 	 0.5164994931
0.06000000 	 -2.753606152230 	 -2.757672207655 	 0.004711362978 	 0.5124701201
0.06100000 	 -2.753671319545 	 -2.757674198413 	 0.004761778405 	 0.5084722990
0.06200000 	 -2.753735474914 	 -2.757676160413 	 0.004811447239 	 0.5045057811
0.06300000 	 -2.753798634099 	 -2.757678094083 	 0.004860376790 	 0.5005703194
0.06400000 	 -2.753860812614 	 -2.757679999842 	 0.004908574305 	 0.4966656692
0.06500000 	 -2.753922025731 	 -2.757681878107 	 0.004956046964 	 0.4927915877
0.06600000 	 -2.753982288485 	 -2.757683729284 	 0.005002801883 	 0.4889478339
0.06700000 	 -2.754041615673 	 -2.757685553778 	 0.005048846116 	 0.4851341688
0.06800000 	 -2.754100021865 	 -2.757687351983 	 0.005094186655 	 0.4813503555
0.06900000 	 -2.754157521400 	 -2.757689124292 	 0.005138830429 	 0.4775961588
0.07000000 	 -2.754214128394 	 -2.757690871089 	 0.005182784303 	 0.4738713454
0.07100000 	 -2.754269856744 	 -2.757692592753 	 0.005226055086 	 0.4701756838
0.07200000 	 -2.754324720128 	 -2.757694289658 	 0.005268649522 	 0.4665089447
0.07300000 	 -2.754378732012 	 -2.757695962173 	 0.005310574298 	 0.4628709001
0.07400000 	 -2.754431905651 	 -2.757697610661 	 0.005351836040 	 0.4592613242
0.07500000 	 -2.754484254094 	 -2.757699235478 	 0.005392441316 	 0.4556799930
0.07600000 	 -2.754535790184 	 -2.757700836978 	 0.005432396635 	 0.4521266842
0.07700000 	 -2.754586526566 	 -2.757702415506 	 0.005471708448 	 0.4486011771
0.07800000 	 -2.754636475688 	 -2.757703971405 	 0.005510383149 	 0.4451032531
0.07900000 	 -2.754685649800 	 -2.757705505012 	 0.005548427076 	 0.4416326951
0.08000000 	 -2.754734060965 	 -2.757707016659 	 0.005585846510 	 0.4381892879
0.08100000 	 -2.754781721056 	 -2.757708506671 	 0.005622647676 	 0.4347728179
0.08200000 	 -2.754828641761 	 -2.757709975372 	 0.005658836743 	 0.4313830732
0.08300000 	 -2.754874834584 	 -2.757711423079 	 0.005694419828 	 0.4280198436
0.08400000 	 -2.754920310852 	 -2.757712850104 	 0.005729402990 	 0.4246829207
0.08500000 	 -2.754965081715 	 -2.757714256754 	 0.005763792237 	 0.4213720975
0.08600000 	 -2.755009158147 	 -2.757715643334 	 0.005797593523 	 0.4180871690
0.08700000 	 -2.755052550953 	 -2.757717010142 	 0.005830812747 	 0.4148279315
0.08800000 	 -2.755095270767 	 -2.757718357472 	 0.005863455758 	 0.4115941832
0.08900000 	 -2.755137328061 	 -2.757719685615 	 0.005895528353 	 0.4083857236
0.09000000 	 -2.755178733140 	 -2.757720994855 	 0.005927036276 	 0.4052023540
0.09100000 	 -2.755219496150 	 -2.757722285474 	 0.005957985220 	 0.4020438774
0.09200000 	 -2.755259627078 	 -2.757723557750 	 0.005988380829 	 0.3989100981
0.09300000 	 -2.755299135756 	 -2.757724811955 	 0.006018228696 	 0.3958008220
0.09400000 	 -2.755338031862 	 -2.757726048358 	 0.006047534364 	 0.3927158567
0.09500000 	 -2.755376324924 	 -2.757727267224 	 0.006076303327 	 0.3896550112
0.09600000 	 -2.755414024321 	 -2.757728468814 	 0.006104541029 	 0.3866180961
0.09700000 	 -2.755451139285 	 -2.757729653385 	 0.006132252868 	 0.3836049234
0.09800000 	 -2.755487678904 	 -2.757730821190 	 0.006159444193 	 0.3806153067
0.09900000 	 -2.755523652127 	 -2.757731972479 	 0.006186120303 	 0.3776490610
0.10000000 	 -2.755559067760 	 -2.757733107496 	 0.006212286453 	 0.3747060029
0.10100000 	 -2.755593934474 	 -2.757734226485 	 0.006237947851 	 0.3717859501
0.10200000 	 -2.755628260803 	 -2.757735329683 	 0.006263109657 	 0.3688887223
0.10300000 	 -2.755662055150 	 -2.757736417325 	 0.006287776985 	 0.3660141401
0.10400000 	 -2.755695325786 	 -2.757737489643 	 0.006311954906 	 0.3631620259
0.10500000 	 -2.755728080853 	 -2.757738546863 	 0.006335648444 	 0.3603322033
0.10600000 	 -2.755760328366 	 -2.757739589211 	 0.006358862577 	 0.3575244974
0.10700000 	 -2.755792076216 	 -2.757740616906 	 0.006381602241 	 0.3547387346
0.10800000 	 -2.755823332170 	 -2.757741630168 	 0.006403872328 	 0.3519747427
0.10900000 	 -2.755854103874 	 -2.757742629210 	 0.006425677685 	 0.3492323509
0.11000000 	 -2.755884398855 	 -2.757743614242 	 0.006447023116 	 0.3465113898
0.11100000 	 -2.755914224524 	 -2.757744585474 	 0.006467913383 	 0.3438116911
0.11200000 	 -2.755943588175 	 -2.757745543110 	 0.006488353205 	 0.3411330882
0.11300000 	 -2.755972496988 	 -2.757746487351 	 0.006508347259 	 0.3384754156
0.11400000 	 -2.756000958033 	 -2.757747418397 	 0.006527900180 	 0.3358385091
0.11500000 	 -2.756028978269 	 -2.757748336442 	 0.006547016562 	 0.3332222058
0.11600000 	 -2.756056564545 	 -2.757749241680 	 0.006565700960 	 0.3306263441
0.11700000 	 -2.756083723606 	 -2.757750134301 	 0.006583957883 	 0.3280507638
0.11800000 	 -2.756110462089 	 -2.757751014490 	 0.006601791806 	 0.3254953058
0.11900000 	 -2.756136786531 	 -2.757751882433 	 0.006619207159 	 0.3229598124
0.12000000 	 -2.756162703365 	 -2.757752738311 	 0.006636208336 	 0.3204441269
0.12100000 	 -2.756188218924 	 -2.757753582302 	 0.006652799690 	 0.3179480942
0.12200000 	 -2.756213339442 	 -2.757754414582 	 0.006668985535 	 0.3154715602
0.12300000 	 -2.756238071057 	 -2.757755235325 	 0.006684770148 	 0.3130143719
0.12400000 	 -2.756262419811 	 -2.757756044700 	 0.006700157765 	 0.3105763779
0.12500000 	 -2.756286391651 	 -2.757756842877 	 0.006715152586 	 0.3081574276
0.12600000 	 -2.756309992434 	 -2.757757630020 	 0.006729758774 	 0.3057573717
0.12700000 	 -2.756333227922 	 -2.757758406293 	 0.006743980453 	 0.3033760622
0.12800000 	 -2.756356103790 	 -2.757759171855 	 0.006757821712 	 0.3010133523
0.12900000 	 -2.756378625625 	 -2.757759926866 	 0.006771286601 	 0.2986690960
0.13000000 	 -2.756400798924 	 -2.757760671481 	 0.006784379136 	 0.2963431490
0.13100000 	 -2.756422629102 	 -2.757761405852 	 0.006797103296 	 0.2940353675
0.13200000 	 -2.756444121487 	 -2.757762130132 	 0.006809463024 	 0.2917456095
0.13300000 	 -2.756465281325 	 -2.757762844469 	 0.006821462229 	 0.2894737336
0.13400000 	 -2.756486113780 	 -2.757763549009 	 0.006833104783 	 0.2872195998
0.13500000 	 -2.756506623938 	 -2.757764243897 	 0.006844394524 	 0.2849830690
0.13600000 	 -2.756526816802 	 -2.757764929274 	 0.006855335257 	 0.2827640034
0.13700000 	 -2.756546697299 	 -2.757765605281 	 0.006865930751 	 0.2805622663
0.13800000 	 -2.756566270281 	 -2.757766272056 	 0.006876184741 	 0.2783777217
0.13900000 	 -2.756585540520 	 -2.757766929734 	 0.006886100931 	 0.2762102352
0.14000000 	 -2.756604512719 	 -2.757767578448 	 0.006895682988 	 0.2740596731
0.14100000 	 -2.756623191504 	 -2.757768218331 	 0.006904934549 	 0.2719259028
0.14200000 	 -2.756641581430 	 -2.757768849512 	 0.006913859217 	 0.2698087929
0.14300000 	 -2.756659686982 	 -2.757769472119 	 0.006922460562 	 0.2677082129
0.14400000 	 -2.756677512575 	 -2.757770086277 	 0.006930742124 	 0.2656240334
0.14500000 	 -2.756695062553 	 -2.757770692111 	 0.006938707409 	 0.2635561259
0.14600000 	 -2.756712341197 	 -2.757771289741 	 0.006946359892 	 0.2615043631
0.14700000 	 -2.756729352716 	 -2.757771879290 	 0.006953703017 	 0.2594686186
0.14800000 	 -2.756746101258 	 -2.757772460874 	 0.006960740196 	 0.2574487668
0.14900000 	 -2.756762590904 	 -2.757773034610 	 0.006967474812 	 0.2554446835
0.15000000 	 -2.756778825671 	 -2.757773600613 	 0.006973910217 	 0.2534562452
0.15100000 	 -2.756794809517 	 -2.757774158996 	 0.006980049730 	 0.2514833294
0.15200000 	 -2.756810546334 	 -2.757774709870 	 0.006985896643 	 0.2495258146
0.15300000 	 -2.756826039956 	 -2.757775253345 	 0.006991454219 	 0.2475835802
0.15400000 	 -2.756841294157 	 -2.757775789528 	 0.006996725687 	 0.2456565067
0.15500000 	 -2.756856312653 	 -2.757776318527 	 0.007001714252 	 0.2437444754
0.15600000 	 -2.756871099100 	 -2.757776840445 	 0.007006423087 	 0.2418473685
0.15700000 	 -2.756885657098 	 -2.757777355386 	 0.007010855336 	 0.2399650694
0.15800000 	 -2.756899990193 	 -2.757777863452 	 0.007015014116 	 0.2380974620
0.15900000 	 -2.756914101874 	 -2.757778364742 	 0.007018902516 	 0.2362444314
0.16000000 	 -2.756927995575 	 -2.757778859354 	 0.007022523595 	 0.2344058635
0.16100000 	 -2.756941674678 	 -2.757779347387 	 0.007025880385 	 0.2325816453
0.16200000 	 -2.756955142513 	 -2.757779828934 	 0.007028975891 	 0.2307716643
0.16300000 	 -2.756968402356 	 -2.757780304091 	 0.007031813092 	 0.2289758092
0.16400000 	 -2.756981457433 	 -2.757780772951 	 0.007034394937 	 0.2271939694
0.16500000 	 -2.756994310921 	 -2.757781235603 	 0.007036724350 	 0.2254260354
0.16600000 	 -2.757006965947 	 -2.757781692139 	 0.007038804227 	 0.2236718983
0.16700000 	 -2.757019425588 	 -2.757782142646 	 0.007040637440 	 0.2219314502
0.16800000 	 -2.757031692875 	 -2.757782587212 	 0.007042226833 	 0.2202045839
0.16900000 	 -2.757043770790 	 -2.757783025923 	 0.007043575225 	 0.2184911933
0.17000000 	 -2.757055662270 	 -2.757783458863 	 0.007044685408 	 0.2167911729
0.17100000 	 -2.757067370207 	 -2.757783886116 	 0.007045560149 	 0.2151044182
0.17200000 	 -2.757078897447 	 -2.757784307763 	 0.007046202191 	 0.2134308253
0.17300000 	 -2.757090246791 	 -2.757784723886 	 0.007046614250 	 0.2117702913
0.17400000 	 -2.757101420997 	 -2.757785134563 	 0.007046799019 	 0.2101227141
0.17500000 	 -2.757112422781 	 -2.757785539874 	 0.007046759166 	 0.2084879923
0.17600000 	 -2.757123254816 	 -2.757785939895 	 0.007046497333 	 0.2068660254
0.17700000 	 -2.757133919734 	 -2.757786334703 	 0.007046016139 	 0.2052567137
0.17800000 	 -2.757144420125 	 -2.757786724371 	 0.007045318179 	 0.2036599581
0.17900000 	 -2.757154758540 	 -2.757787108975 	 0.007044406025 	 0.2020756605
0.18000000 	 -2.757164937489 	 -2.757787488586 	 0.007043282223 	 0.2005037234
0.18100000 	 -2.757174959444 	 -2.757787863276 	 0.007041949298 	 0.1989440501
0.18200000 	 -2.757184826839 	 -2.757788233116 	 0.007040409750 	 0.1973965449
0.18300000 	 -2.757194542069 	 -2.757788598175 	 0.007038666059 	 0.1958611125
0.18400000 	 -2.757204107492 	 -2.757788958520 	 0.007036720678 	 0.1943376585
0.18500000 	 -2.757213525431 	 -2.757789314221 	 0.007034576040 	 0.1928260893
0.18600000 	 -2.757222798169 	 -2.757789665342 	 0.007032234555 	 0.1913263119
0.18700000 	 -2.757231927958 	 -2.757790011949 	 0.007029698611 	 0.1898382341
0.18800000 	 -2.757240917013 	 -2.757790354106 	 0.007026970575 	 0.1883617645
0.18900000 	 -2.757249767513 	 -2.757790691877 	 0.007024052789 	 0.1868968123
0.19000000 	 -2.757258481606 	 -2.757791025324 	 0.007020947576 	 0.1854432875
0.19100000 	 -2.757267061406 	 -2.757791354509 	 0.007017657238 	 0.1840011006
0.19200000 	 -2.757275508992 	 -2.757791679491 	 0.007014184053 	 0.1825701632
0.19300000 	 -2.757283826413 	 -2.757792000331 	 0.007010530280 	 0.1811503872
0.19400000 	 -2.757292015685 	 -2.757792317088 	 0.007006698157 	 0.1797416853
0.19500000 	 -2.757300078794 	 -2.757792629818 	 0.007002689900 	 0.1783439711
0.19600000 	 -2.757308017693 	 -2.757792938579 	 0.006998507706 	 0.1769571586
0.19700000 	 -2.757315834306 	 -2.757793243428 	 0.006994153750 	 0.1755811626
0.19800000 	 -2.757323530528 	 -2.757793544419 	 0.006989630188 	 0.1742158986
0.19900000 	 -2.757331108223 	 -2.757793841607 	 0.006984939156 	 0.1728612826
0.20000000 	 -2.757338569226 	 -2.757794135045 	 0.006980082768 	 0.1715172315
0.20100000 	 -2.757345915344 	 -2.757794424786 	 0.006975063122 	 0.1701836626
0.20200000 	 -2.757353148356 	 -2.757794710882 	 0.006969882293 	 0.1688604941
0.20300000 	 -2.757360270015 	 -2.757794993385 	 0.006964542338 	 0.1675476446
0.20400000 	 -2.757367282043 	 -2.757795272345 	 0.006959045296 	 0.1662450335
0.20500000 	 -2.757374186138 	 -2.757795547812 	 0.006953393184 	 0.1649525807
0.20600000 	 -2.757380983972 	 -2.757795819833 	 0.006947588004 	 0.1636702070
0.20700000 	 -2.757387677189 	 -2.757796088459 	 0.006941631735 	 0.1623978335
0.20800000 	 -2.757394267408 	 -2.757796353736 	 0.006935526341 	 0.1611353820
0.20900000 	 -2.757400756225 	 -2.757796615711 	 0.006929273766 	 0.1598827751
0.21000000 	 -2.757407145208 	 -2.757796874430 	 0.006922875936 	 0.1586399358
0.21100000 	 -2.757413435903 	 -2.757797129939 	 0.006916334758 	 0.1574067877
0.21200000 	 -2.757419629831 	 -2.757797382282 	 0.006909652123 	 0.1561832551
0.21300000 	 -2.757425728489 	 -2.757797631504 	 0.006902829902 	 0.1549692630
0.21400000 	 -2.757431733353 	 -2.757797877647 	 0.006895869950 	 0.1537647367
0.21500000 	 -2.757437645872 	 -2.757798120754 	 0.006888774105 	 0.1525696023
0.21600000 	 -2.757443467477 	 -2.757798360869 	 0.006881544185 	 0.1513837864
0.21700000 	 -2.757449199574 	 -2.757798598031 	 0.006874181994 	 0.1502072161
0.21800000 	 -2.757454843548 	 -2.757798832283 	 0.006866689316 	 0.1490398193
0.21900000 	 -2.757460400762 	 -2.757799063663 	 0.006859067921 	 0.1478815243
0.22000000 	 -2.757465872558 	 -2.757799292213 	 0.006851319560 	 0.1467322600
0.22100000 	 -2.757471260258 	 -2.757799517970 	 0.006843445969 	 0.1455919557
0.22200000 	 -2.757476565163 	 -2.757799740974 	 0.006835448865 	 0.1444605415
0.22300000 	 -2.757481788552 	 -2.757799961262 	 0.006827329952 	 0.1433379480
0.22400000 	 -2.757486931688 	 -2.757800178872 	 0.006819090916 	 0.1422241062
0.22500000 	 -2.757491995811 	 -2.757800393841 	 0.006810733427 	 0.1411189478
0.22600000 	 -2.757496982143 	 -2.757800606204 	 0.006802259139 	 0.1400224049
0.22700000 	 -2.757501891887 	 -2.757800815998 	 0.006793669692 	 0.1389344102
0.22800000 	 -2.757506726228 	 -2.757801023258 	 0.006784966707 	 0.1378548969
0.22900000 	 -2.757511486331 	 -2.757801228017 	 0.006776151792 	 0.1367837988
0.23000000 	 -2.757516173344 	 -2.757801430312 	 0.006767226539 	 0.1357210502
0.23100000 	 -2.757520788397 	 -2.757801630174 	 0.006758192526 	 0.1346665857
0.23200000 	 -2.757525332603 	 -2.757801827638 	 0.006749051313 	 0.1336203408
0.23300000 	 -2.757529807056 	 -2.757802022736 	 0.006739804447 	 0.1325822512
0.23400000 	 -2.757534212836 	 -2.757802215500 	 0.006730453461 	 0.1315522532
0.23500000 	 -2.757538551003 	 -2.757802405962 	 0.006720999871 	 0.1305302836
0.23600000 	 -2.757542822603 	 -2.757802594152 	 0.006711445181 	 0.1295162796
0.23700000 	 -2.757547028664 	 -2.757802780103 	 0.006701790877 	 0.1285101792
0.23800000 	 -2.757551170199 	 -2.757802963844 	 0.006692038434 	 0.1275119205
0.23900000 	 -2.757555248205 	 -2.757803145405 	 0.006682189311 	 0.1265214422
0.24000000 	 -2.757559263664 	 -2.757803324815 	 0.006672244955 	 0.1255386837
0.24100000 	 -2.757563217543 	 -2.757803502104 	 0.006662206795 	 0.1245635846
0.24200000 	 -2.757567110792 	 -2.757803677300 	 0.006652076250 	 0.1235960851
0.24300000 	 -2.757570944349 	 -2.757803850431 	 0.006641854723 	 0.1226361259
0.24400000 	 -2.757574719136 	 -2.757804021525 	 0.006631543605 	 0.1216836480
0.24500000 	 -2.757578436059 	 -2.757804190609 	 0.006621144272 	 0.1207385930
0.24600000 	 -2.757582096014 	 -2.757804357711 	 0.006610658088 	 0.1198009030
0.24700000 	 -2.757585699880 	 -2.757804522856 	 0.006600086403 	 0.1188705205
0.24800000 	 -2.757589248523 	 -2.757804686071 	 0.006589430554 	 0.1179473883
0.24900000 	 -2.757592742797 	 -2.757804847382 	 0.006578691864 	 0.1170314499
0.25000000 	 -2.757596183539 	 -2.757805006814 	 0.006567871644 	 0.1161226491
0.25100000 	 -2.757599571579 	 -2.757805164392 	 0.006556971192 	 0.1152209301
0.25200000 	 -2.757602907728 	 -2.757805320141 	 0.006545991794 	 0.1143262377
0.25300000 	 -2.757606192788 	 -2.757805474084 	 0.006534934723 	 0.1134385169
0.25400000 	 -2.757609427548 	 -2.757805626247 	 0.006523801238 	 0.1125577133
0.25500000 	 -2.757612612784 	 -2.757805776652 	 0.006512592588 	 0.1116837730
0.25600000 	 -2.757615749261 	 -2.757805925323 	 0.006501310008 	 0.1108166423
0.25700000 	 -2.757618837731 	 -2.757806072283 	 0.006489954722 	 0.1099562680
0.25800000 	 -2.757621878935 	 -2.757806217554 	 0.006478527940 	 0.1091025975
0.25900000 	 -2.757624873603 	 -2.757806361159 	 0.006467030862 	 0.1082555782
0.26000000 	 -2.757627822453 	 -2.757806503119 	 0.006455464677 	 0.1074151584
0.26100000 	 -2.757630726191 	 -2.757806643456 	 0.006443830558 	 0.1065812865
0.26200000 	 -2.757633585515 	 -2.757806782191 	 0.006432129671 	 0.1057539114
0.26300000 	 -2.757636401108 	 -2.757806919346 	 0.006420363168 	 0.1049329823
0.26400000 	 -2.757639173645 	 -2.757807054941 	 0.006408532190 	 0.1041184489
0.26500000 	 -2.757641903791 	 -2.757807188997 	 0.006396637867 	 0.1033102612
0.26600000 	 -2.757644592200 	 -2.757807321532 	 0.006384681318 	 0.1025083698
0.26700000 	 -2.757647239516 	 -2.757807452569 	 0.006372663648 	 0.1017127255
0.26800000 	 -2.757649846371 	 -2.757807582124 	 0.006360585955 	 0.1009232795
0.26900000 	 -2.757652413390 	 -2.757807710219 	 0.006348449324 	 0.1001399834
0.27000000 	 -2.757654941188 	 -2.757807836873 	 0.006336254830 	 0.0993627892
0.27100000 	 -2.757657430368 	 -2.757807962102 	 0.006324003535 	 0.0985916492
0.27200000 	 -2.757659881527 	 -2.757808085927 	 0.006311696493 	 0.0978265163
0.27300000 	 -2.757662295251 	 -2.757808208365 	 0.006299334745 	 0.0970673434
0.27400000 	 -2.757664672116 	 -2.757808329434 	 0.006286919325 	 0.0963140841
0.27500000 	 -2.757667012691 	 -2.757808449152 	 0.006274451253 	 0.0955666923
0.27600000 	 -2.757669317535 	 -2.757808567537 	 0.006261931539 	 0.0948251220
0.27700000 	 -2.757671587199 	 -2.757808684604 	 0.006249361186 	 0.0940893279
0.27800000 	 -2.757673822224 	 -2.757808800372 	 0.006236741183 	 0.0933592649
0.27900000 	 -2.757676023145 	 -2.757808914856 	 0.006224072511 	 0.0926348882
0.28000000 	 -2.757678190487 	 -2.757809028074 	 0.006211356142 	 0.0919161534
0.28100000 	 -2.757680324768 	 -2.757809140041 	 0.006198593034 	 0.0912030166
0.28200000 	 -2.757682426496 	 -2.757809250774 	 0.006185784141 	 0.0904954339
0.28300000 	 -2.757684496173 	 -2.757809360287 	 0.006172930401 	 0.0897933622
0.28400000 	 -2.757686534293 	 -2.757809468597 	 0.006160032749 	 0.0890967582
0.28500000 	 -2.757688541342 	 -2.757809575719 	 0.006147092104 	 0.0884055795
0.28600000 	 -2.757690517798 	 -2.757809681668 	 0.006134109381 	 0.0877197835
0.28700000 	 -2.757692464133 	 -2.757809786459 	 0.006121085482 	 0.0870393283
0.28800000 	 -2.757694380809 	 -2.757809890105 	 0.006108021301 	 0.0863641723
0.28900000 	 -2.757696268285 	 -2.757809992623 	 0.006094917723 	 0.0856942740
0.29000000 	 -2.757698127008 	 -2.757810094026 	 0.006081775623 	 0.0850295925
0.29100000 	 -2.757699957423 	 -2.757810194328 	 0.006068595868 	 0.0843700869
0.29200000 	 -2.757701759964 	 -2.757810293542 	 0.006055379316 	 0.0837157170
0.29300000 	 -2.757703535061 	 -2.757810391683 	 0.006042126815 	 0.0830664425
0.29400000 	 -2.757705283135 	 -2.757810488764 	 0.006028839205 	 0.0824222239
0.29500000 	 -2.757707004603 	 -2.757810584798 	 0.006015517316 	 0.0817830215
0.29600000 	 -2.757708699875 	 -2.757810679799 	 0.006002161973 	 0.0811487963
0.29700000 	 -2.757710369352 	 -2.757810773778 	 0.005988773987 	 0.0805195094
0.29800000 	 -2.757712013433 	 -2.757810866749 	 0.005975354166 	 0.0798951222
0.29900000 	 -2.757713632506 	 -2.757810958725 	 0.005961903305 	 0.0792755966
0.30000000 	 -2.757715226958 	 -2.757811049717 	 0.005948422192 	 0.0786608946
0.30100000 	 -2.757716797167 	 -2.757811139738 	 0.005934911609 	 0.0780509785
0.30200000 	 -2.757718343506 	 -2.757811228800 	 0.005921372328 	 0.0774458110
0.30300000 	 -2.757719866341 	 -2.757811316915 	 0.005907805111 	 0.0768453551
0.30400000 	 -2.757721366034 	 -2.757811404093 	 0.005894210715 	 0.0762495739
0.30500000 	 -2.757722842941 	 -2.757811490348 	 0.005880589888 	 0.0756584311
0.30600000 	 -2.757724297411 	 -2.757811575690 	 0.005866943369 	 0.0750718903
0.30700000 	 -2.757725729791 	 -2.757811660130 	 0.005853271890 	 0.0744899157
0.30800000 	 -2.757727140419 	 -2.757811743680 	 0.005839576176 	 0.0739124717
0.30900000 	 -2.757728529630 	 -2.757811826350 	 0.005825856943 	 0.0733395229
0.31000000 	 -2.757729897752 	 -2.757811908151 	 0.005812114900 	 0.0727710342
0.31100000 	 -2.757731245110 	 -2.757811989093 	 0.005798350748 	 0.0722069709
0.31200000 	 -2.757732572023 	 -2.757812069188 	 0.005784565180 	 0.0716472983
0.31300000 	 -2.757733878804 	 -2.757812148445 	 0.005770758883 	 0.0710919823
0.31400000 	 -2.757735165763 	 -2.757812226874 	 0.005756932536 	 0.0705409888
0.31500000 	 -2.757736433205 	 -2.757812304486 	 0.005743086810 	 0.0699942842
0.31600000 	 -2.757737681428 	 -2.757812381291 	 0.005729222370 	 0.0694518349
0.31700000 	 -2.757738910729 	 -2.757812457297 	 0.005715339872 	 0.0689136077
0.31800000 	 -2.757740121397 	 -2.757812532515 	 0.005701439966 	 0.0683795698
0.31900000 	 -2.757741313719 	 -2.757812606954 	 0.005687523295 	 0.0678496884
0.32000000 	 -2.757742487976 	 -2.757812680624 	 0.005673590495 	 0.0673239311
0.32100000 	 -2.757743644446 	 -2.757812753533 	 0.005659642195 	 0.0668022657
0.32200000 	 -2.757744783401 	 -2.757812825692 	 0.005645679017 	 0.0662846603
0.32300000 	 -2.757745905110 	 -2.757812897108 	 0.005631701576 	 0.0657710832
0.32400000 	 -2.757747009838 	 -2.757812967791 	 0.005617710480 	 0.0652615030
0.32500000 	 -2.757748097846 	 -2.757813037749 	 0.005603706331 	 0.0647558886
0.32600000 	 -2.757749169389 	 -2.757813106991 	 0.005589689724 	 0.0642542089
0.32700000 	 -2.757750224720 	 -2.757813175525 	 0.005575661248 	 0.0637564332
0.32800000 	 -2.757751264088 	 -2.757813243360 	 0.005561621485 	 0.0632625312
0.32900000 	 -2.757752287738 	 -2.757813310505 	 0.005547571009 	 0.0627724726
0.33000000 	 -2.757753295911 	 -2.757813376966 	 0.005533510391 	 0.0622862275
0.33100000 	 -2.757754288843 	 -2.757813442753 	 0.005519440193 	 0.0618037659
0.33200000 	 -2.757755266769 	 -2.757813507873 	 0.005505360970 	 0.0613250586
0.33300000 	 -2.757756229919 	 -2.757813572334 	 0.005491273275 	 0.0608500761
0.33400000 	 -2.757757178518 	 -2.757813636144 	 0.005477177649 	 0.0603787894
0.33500000 	 -2.757758112791 	 -2.757813699310 	 0.005463074632 	 0.0599111697
0.33600000 	 -2.757759032955 	 -2.757813761840 	 0.005448964756 	 0.0594471884
0.33700000 	 -2.757759939229 	 -2.757813823741 	 0.005434848545 	 0.0589868171
0.33800000 	 -2.757760831823 	 -2.757813885021 	 0.005420726520 	 0.0585300276
0.33900000 	 -2.757761710949 	 -2.757813945686 	 0.005406599194 	 0.0580767920
0.34000000 	 -2.757762576811 	 -2.757814005745 	 0.005392467077 	 0.0576270826
0.34100000 	 -2.757763429613 	 -2.757814065203 	 0.005378330669 	 0.0571808718
0.34200000 	 -2.757764269556 	 -2.757814124068 	 0.005364190468 	 0.0567381324
0.34300000 	 -2.757765096835 	 -2.757814182347 	 0.005350046964 	 0.0562988374
0.34400000 	 -2.757765911646 	 -2.757814240047 	 0.005335900643 	 0.0558629598
0.34500000 	 -2.757766714177 	 -2.757814297173 	 0.005321751983 	 0.0554304729
0.34600000 	 -2.757767504619 	 -2.757814353734 	 0.005307601460 	 0.0550013505
0.34700000 	 -2.757768283154 	 -2.757814409734 	 0.005293449541 	 0.0545755661
0.34800000 	 -2.757769049966 	 -2.757814465181 	 0.005279296689 	 0.0541530937
0.34900000 	 -2.757769805234 	 -2.757814520081 	 0.005265143363 	 0.0537339076
0.35000000 	 -2.757770549134 	 -2.757814574440 	 0.005250990015 	 0.0533179822
0.35100000 	 -2.757771281841 	 -2.757814628264 	 0.005236837091 	 0.0529052918
0.35200000 	 -2.757772003525 	 -2.757814681560 	 0.005222685033 	 0.0524958115
0.35300000 	 -2.757772714355 	 -2.757814734332 	 0.005208534278 	 0.0520895160
0.35400000 	 -2.757773414496 	 -2.757814786589 	 0.005194385257 	 0.0516863806
0.35500000 	 -2.757774104113 	 -2.757814838334 	 0.005180238397 	 0.0512863806
0.35600000 	 -2.757774783366 	 -2.757814889574 	 0.005166094118 	 0.0508894917
0.35700000 	 -2.757775452413 	 -2.757814940314 	 0.005151952838 	 0.0504956894
0.35800000 	 -2.757776111410 	 -2.757814990561 	 0.005137814966 	 0.0501049497
0.35900000 	 -2.757776760511 	 -2.757815040319 	 0.005123680910 	 0.0497172488
0.36000000 	 -2.757777399866 	 -2.757815089594 	 0.005109551071 	 0.0493325630
0.36100000 	 -2.757778029626 	 -2.757815138392 	 0.005095425845 	 0.0489508688
0.36200000 	 -2.757778649935 	 -2.757815186718 	 0.005081305624 	 0.0485721427
0.36300000 	 -2.757779260939 	 -2.757815234576 	 0.005067190796 	 0.0481963617
0.36400000 	 -2.757779862780 	 -2.757815281973 	 0.005053081742 	 0.0478235029
0.36500000 	 -2.757780455597 	 -2.757815328914 	 0.005038978840 	 0.0474535433
0.36600000 	 -2.757781039527 	 -2.757815375402 	 0.005024882463 	 0.0470864605
0.36700000 	 -2.757781614708 	 -2.757815421445 	 0.005010792980 	 0.0467222319
0.36800000 	 -2.757782181271 	 -2.757815467045 	 0.004996710755 	 0.0463608354
0.36900000 	 -2.757782739349 	 -2.757815512209 	 0.004982636146 	 0.0460022489
0.37000000 	 -2.757783289071 	 -2.757815556941 	 0.004968569510 	 0.0456464503
0.37100000 	 -2.757783830564 	 -2.757815601245 	 0.004954511196 	 0.0452934181
0.37200000 	 -2.757784363953 	 -2.757815645127 	 0.004940461550 	 0.0449431306
0.37300000 	 -2.757784889363 	 -2.757815688591 	 0.004926420915 	 0.0445955664
0.37400000 	 -2.757785406915 	 -2.757815731642 	 0.004912389628 	 0.0442507043
0.37500000 	 -2.757785916728 	 -2.757815774284 	 0.004898368023 	 0.0439085233
0.37600000 	 -2.757786418921 	 -2.757815816521 	 0.004884356428 	 0.0435690024
0.37700000 	 -2.757786913610 	 -2.757815858359 	 0.004870355168 	 0.0432321208
0.37800000 	 -2.757787400908 	 -2.757815899800 	 0.004856364565 	 0.0428978581
0.37900000 	 -2.757787880929 	 -2.757815940851 	 0.004842384934 	 0.0425661938
0.38000000 	 -2.757788353782 	 -2.757815981514 	 0.004828416589 	 0.0422371076
0.38100000 	 -2.757788819579 	 -2.757816021794 	 0.004814459838 	 0.0419105794
0.38200000 	 -2.757789278424 	 -2.757816061695 	 0.004800514985 	 0.0415865893
0.38300000 	 -2.757789730426 	 -2.757816101221 	 0.004786582332 	 0.0412651175
0.38400000 	 -2.757790175687 	 -2.757816140377 	 0.004772662175 	 0.0409461444
0.38500000 	 -2.757790614310 	 -2.757816179165 	 0.004758754807 	 0.0406296505
0.38600000 	 -2.757791046396 	 -2.757816217591 	 0.004744860517 	 0.0403156165
0.38700000 	 -2.757791472044 	 -2.757816255658 	 0.004730979590 	 0.0400040231
0.38800000 	 -2.757791891353 	 -2.757816293369 	 0.004717112308 	 0.0396948514
0.38900000 	 -2.757792304419 	 -2.757816330729 	 0.004703258949 	 0.0393880825
0.39000000 	 -2.757792711336 	 -2.757816367742 	 0.004689419786 	 0.0390836977
0.39100000 	 -2.757793112199 	 -2.757816404410 	 0.004675595091 	 0.0387816783
0.39200000 	 -2.757793507099 	 -2.757816440738 	 0.004661785129 	 0.0384820060
0.39300000 	 -2.757793896126 	 -2.757816476729 	 0.004647990163 	 0.0381846624
0.39400000 	 -2.757794279370 	 -2.757816512387 	 0.004634210455 	 0.0378896294
0.39500000 	 -2.757794656919 	 -2.757816547715 	 0.004620446259 	 0.0375968890
0.39600000 	 -2.757795028859 	 -2.757816582717 	 0.004606697828 	 0.0373064232
0.39700000 	 -2.757795395275 	 -2.757816617396 	 0.004592965412 	 0.0370182145
0.39800000 	 -2.757795756251 	 -2.757816651755 	 0.004579249255 	 0.0367322451
0.39900000 	 -2.757796111870 	 -2.757816685798 	 0.004565549601 	 0.0364484977
0.40000000 	 -2.757796462213 	 -2.757816719529 	 0.004551866689 	 0.0361669549
0.40100000 	 -2.757796807360 	 -2.757816752950 	 0.004538200753 	 0.0358875995
0.40200000 	 -2.757797147389 	 -2.757816786064 	 0.004524552027 	 0.0356104145
0.40300000 	 -2.757797482379 	 -2.757816818875 	 0.004510920738 	 0.0353353830
0.40400000 	 -2.757797812406 	 -2.757816851386 	 0.004497307115 	 0.0350624881
0.40500000 	 -2.757798137545 	 -2.757816883601 	 0.004483711377 	 0.0347917133
0.40600000 	 -2.757798457870 	 -2.757816915521 	 0.004470133746 	 0.0345230420
0.40700000 	 -2.757798773453 	 -2.757816947151 	 0.004456574438 	 0.0342564578
0.40800000 	 -2.757799084368 	 -2.757816978492 	 0.004443033665 	 0.0339919445
0.40900000 	 -2.757799390684 	 -2.757817009549 	 0.004429511638 	 0.0337294858
0.41000000 	 -2.757799692471 	 -2.757817040324 	 0.004416008563 	 0.0334690659
0.41100000 	 -2.757799989798 	 -2.757817070819 	 0.004402524646 	 0.0332106688
0.41200000 	 -2.757800282732 	 -2.757817101038 	 0.004389060086 	 0.0329542787
0.41300000 	 -2.757800571340 	 -2.757817130984 	 0.004375615082 	 0.0326998800
0.41400000 	 -2.757800855687 	 -2.757817160660 	 0.004362189830 	 0.0324474573
0.41500000 	 -2.757801135838 	 -2.757817190067 	 0.004348784520 	 0.0321969950
0.41600000 	 -2.757801411855 	 -2.757817219209 	 0.004335399343 	 0.0319484779
0.41700000 	 -2.757801683802 	 -2.757817248089 	 0.004322034484 	 0.0317018909
0.41800000 	 -2.757801951740 	 -2.757817276709 	 0.004308690128 	 0.0314572189
0.41900000 	 -2.757802215730 	 -2.757817305071 	 0.004295366456 	 0.0312144470
0.42000000 	 -2.757802475831 	 -2.757817333179 	 0.004282063645 	 0.0309735604
0.42100000 	 -2.757802732102 	 -2.757817361035 	 0.004268781871 	 0.0307345444
0.42200000 	 -2.757802984602 	 -2.757817388642 	 0.004255521306 	 0.0304973844
0.42300000 	 -2.757803233385 	 -2.757817416001 	 0.004242282120 	 0.0302620660
0.42400000 	 -2.757803478510 	 -2.757817443116 	 0.004229064480 	 0.0300285748
0.42500000 	 -2.757803720031 	 -2.757817469988 	 0.004215868552 	 0.0297968966
0.42600000 	 -2.757803958003 	 -2.757817496621 	 0.004202694496 	 0.0295670172
0.42700000 	 -2.757804192479 	 -2.757817523017 	 0.004189542473 	 0.0293389227
0.42800000 	 -2.757804423511 	 -2.757817549178 	 0.004176412639 	 0.0291125991
0.42900000 	 -2.757804651152 	 -2.757817575106 	 0.004163305148 	 0.0288880327
0.43000000 	 -2.757804875453 	 -2.757817600804 	 0.004150220153 	 0.0286652097
0.43100000 	 -2.757805096465 	 -2.757817626274 	 0.004137157801 	 0.0284441166
0.43200000 	 -2.757805314236 	 -2.757817651518 	 0.004124118241 	 0.0282247398
0.43300000 	 -2.757805528816 	 -2.757817676539 	 0.004111101617 	 0.0280070661
0.43400000 	 -2.757805740252 	 -2.757817701338 	 0.004098108070 	 0.0277910821
0.43500000 	 -2.757805948592 	 -2.757817725918 	 0.004085137740 	 0.0275767747
0.43600000 	 -2.757806153883 	 -2.757817750281 	 0.004072190764 	 0.0273641308
0.43700000 	 -2.757806356171 	 -2.757817774429 	 0.004059267277 	 0.0271531375
0.43800000 	 -2.757806555500 	 -2.757817798365 	 0.004046367412 	 0.0269437819
0.43900000 	 -2.757806751915 	 -2.757817822090 	 0.004033491298 	 0.0267360513
0.44000000 	 -2.757806945461 	 -2.757817845606 	 0.004020639064 	 0.0265299329
0.44100000 	 -2.757807136179 	 -2.757817868915 	 0.004007810835 	 0.0263254143
0.44200000 	 -2.757807324114 	 -2.757817892020 	 0.003995006735 	 0.0261224830
0.44300000 	 -2.757807509306 	 -2.757817914923 	 0.003982226885 	 0.0259211266
0.44400000 	 -2.757807691796 	 -2.757817937625 	 0.003969471404 	 0.0257213328
0.44500000 	 -2.757807871626 	 -2.757817960128 	 0.003956740409 	 0.0255230895
0.44600000 	 -2.757808048835 	 -2.757817982434 	 0.003944034014 	 0.0253263845
0.44700000 	 -2.757808223463 	 -2.757818004545 	 0.003931352332 	 0.0251312060
0.44800000 	 -2.757808395548 	 -2.757818026464 	 0.003918695474 	 0.0249375421
0.44900000 	 -2.757808565128 	 -2.757818048191 	 0.003906063549 	 0.0247453808
0.45000000 	 -2.757808732242 	 -2.757818069729 	 0.003893456661 	 0.0245547106
0.45100000 	 -2.757808896925 	 -2.757818091080 	 0.003880874916 	 0.0243655198
0.45200000 	 -2.757809059215 	 -2.757818112245 	 0.003868318417 	 0.0241777968
0.45300000 	 -2.757809219148 	 -2.757818133226 	 0.003855787263 	 0.0239915304
0.45400000 	 -2.757809376758 	 -2.757818154025 	 0.003843281552 	 0.0238067090
0.45500000 	 -2.757809532081 	 -2.757818174643 	 0.003830801381 	 0.0236233216
0.45600000 	 -2.757809685150 	 -2.757818195083 	 0.003818346845 	 0.0234413568
0.45700000 	 -2.757809836000 	 -2.757818215346 	 0.003805918036 	 0.0232608036
0.45800000 	 -2.757809984663 	 -2.757818235434 	 0.003793515045 	 0.0230816511
0.45900000 	 -2.757810131174 	 -2.757818255348 	 0.003781137959 	 0.0229038882
0.46000000 	 -2.757810275562 	 -2.757818275089 	 0.003768786867 	 0.0227275043
0.46100000 	 -2.757810417861 	 -2.757818294661 	 0.003756461854 	 0.0225524885
0.46200000 	 -2.757810558102 	 -2.757818314064 	 0.003744163001 	 0.0223788302
0.46300000 	 -2.757810696315 	 -2.757818333300 	 0.003731890392 	 0.0222065189
0.46400000 	 -2.757810832531 	 -2.757818352370 	 0.003719644105 	 0.0220355440
0.46500000 	 -2.757810966779 	 -2.757818371276 	 0.003707424218 	 0.0218658951
0.46600000 	 -2.757811099089 	 -2.757818390019 	 0.003695230808 	 0.0216975620
0.46700000 	 -2.757811229490 	 -2.757818408602 	 0.003683063948 	 0.0215305343
0.46800000 	 -2.757811358010 	 -2.757818427025 	 0.003670923712 	 0.0213648020
0.46900000 	 -2.757811484678 	 -2.757818445291 	 0.003658810170 	 0.0212003548
0.47000000 	 -2.757811609521 	 -2.757818463399 	 0.003646723392 	 0.0210371829
0.47100000 	 -2.757811732566 	 -2.757818481353 	 0.003634663446 	 0.0208752762
0.47200000 	 -2.757811853840 	 -2.757818499153 	 0.003622630397 	 0.0207146250
0.47300000 	 -2.757811973369 	 -2.757818516801 	 0.003610624309 	 0.0205552194
0.47400000 	 -2.757812091180 	 -2.757818534298 	 0.003598645246 	 0.0203970499
0.47500000 	 -2.757812207298 	 -2.757818551646 	 0.003586693269 	 0.0202401066
0.47600000 	 -2.757812321748 	 -2.757818568846 	 0.003574768437 	 0.0200843801
0.47700000 	 -2.757812434555 	 -2.757818585900 	 0.003562870808 	 0.0199298610
0.47800000 	 -2.757812545744 	 -2.757818602808 	 0.003551000439 	 0.0197765398
0.47900000 	 -2.757812655338 	 -2.757818619572 	 0.003539157385 	 0.0196244072
0.48000000 	 -2.757812763362 	 -2.757818636194 	 0.003527341699 	 0.0194734539
0.48100000 	 -2.757812869838 	 -2.757818652675 	 0.003515553433 	 0.0193236708
0.48200000 	 -2.757812974790 	 -2.757818669015 	 0.003503792638 	 0.0191750487
0.48300000 	 -2.757813078240 	 -2.757818685217 	 0.003492059362 	 0.0190275787
0.48400000 	 -2.757813180211 	 -2.757818701282 	 0.003480353654 	 0.0188812517
0.48500000 	 -2.757813280724 	 -2.757818717210 	 0.003468675559 	 0.0187360588
0.48600000 	 -2.757813379801 	 -2.757818733003 	 0.003457025123 	 0.0185919913
0.48700000 	 -2.757813477464 	 -2.757818748663 	 0.003445402387 	 0.0184490404
0.48800000 	 -2.757813573733 	 -2.757818764191 	 0.003433807396 	 0.0183071973
0.48900000 	 -2.757813668629 	 -2.757818779587 	 0.003422240188 	 0.0181664535
0.49000000 	 -2.757813762173 	 -2.757818794853 	 0.003410700804 	 0.0180268003
0.49100000 	 -2.757813854385 	 -2.757818809990 	 0.003399189281 	 0.0178882294
0.49200000 	 -2.757813945283 	 -2.757818825000 	 0.003387705656 	 0.0177507323
0.49300000 	 -2.757814034888 	 -2.757818839883 	 0.003376249964 	 0.0176143006
0.49400000 	 -2.757814123219 	 -2.757818854641 	 0.003364822239 	 0.0174789260
0.49500000 	 -2.757814210295 	 -2.757818869274 	 0.003353422513 	 0.0173446004
0.49600000 	 -2.757814296134 	 -2.757818883785 	 0.003342050819 	 0.0172113155
0.49700000 	 -2.757814380754 	 -2.757818898173 	 0.003330707186 	 0.0170790632
0.49800000 	 -2.757814464174 	 -2.757818912441 	 0.003319391642 	 0.0169478355
0.49900000 	 -2.757814546412 	 -2.757818926588 	 0.003308104217 	 0.0168176245
0.50000000 	 -2.757814627484 	 -2.757818940617 	 0.003296844936 	 0.0166884222
0.50100000 	 -2.757814707407 	 -2.757818954528 	 0.003285613824 	 0.0165602208
0.50200000 	 -2.757814786200 	 -2.757818968323 	 0.003274410906 	 0.0164330125
0.50300000 	 -2.757814863878 	 -2.757818982002 	 0.003263236205 	 0.0163067896
0.50400000 	 -2.757814940459 	 -2.757818995567 	 0.003252089742 	 0.0161815443
0.50500000 	 -2.757815015957 	 -2.757819009018 	 0.003240971538 	 0.0160572691
0.50600000 	 -2.757815090390 	 -2.757819022356 	 0.003229881612 	 0.0159339565
0.50700000 	 -2.757815163772 	 -2.757819035583 	 0.003218819982 	 0.0158115989
0.50800000 	 -2.757815236120 	 -2.757819048700 	 0.003207786667 	 0.0156901890
0.50900000 	 -2.757815307448 	 -2.757819061707 	 0.003196781681 	 0.0155697192
0.51000000 	 -2.757815377772 	 -2.757819074605 	 0.003185805041 	 0.0154501825
0.51100000 	 -2.757815447106 	 -2.757819087396 	 0.003174856759 	 0.0153315713
0.51200000 	 -2.757815515464 	 -2.757819100081 	 0.003163936850 	 0.0152138787
0.51300000 	 -2.757815582862 	 -2.757819112659 	 0.003153045324 	 0.0150970974
0.51400000 	 -2.757815649314 	 -2.757819125133 	 0.003142182193 	 0.0149812203
0.51500000 	 -2.757815714832 	 -2.757819137503 	 0.003131347466 	 0.0148662404
0.51600000 	 -2.757815779431 	 -2.757819149770 	 0.003120541153 	 0.0147521508
0.51700000 	 -2.757815843125 	 -2.757819161936 	 0.003109763260 	 0.0146389444
0.51800000 	 -2.757815905926 	 -2.757819174000 	 0.003099013795 	 0.0145266145
0.51900000 	 -2.757815967848 	 -2.757819185964 	 0.003088292764 	 0.0144151542
0.52000000 	 -2.757816028904 	 -2.757819197828 	 0.003077600171 	 0.0143045567
0.52100000 	 -2.757816089106 	 -2.757819209594 	 0.003066936021 	 0.0141948154
0.52200000 	 -2.757816148467 	 -2.757819221263 	 0.003056300315 	 0.0140859235
0.52300000 	 -2.757816206999 	 -2.757819232835 	 0.003045693057 	 0.0139778745
0.52400000 	 -2.757816264714 	 -2.757819244311 	 0.003035114248 	 0.0138706618
0.52500000 	 -2.757816321624 	 -2.757819255692 	 0.003024563886 	 0.0137642790
0.52600000 	 -2.757816377741 	 -2.757819266979 	 0.003014041973 	 0.0136587194
0.52700000 	 -2.757816433077 	 -2.757819278172 	 0.003003548506 	 0.0135539769
0.52800000 	 -2.757816487643 	 -2.757819289273 	 0.002993083482 	 0.0134500449
0.52900000 	 -2.757816541450 	 -2.757819300282 	 0.002982646899 	 0.0133469172
0.53000000 	 -2.757816594509 	 -2.757819311200 	 0.002972238752 	 0.0132445875
0.53100000 	 -2.757816646831 	 -2.757819322028 	 0.002961859035 	 0.0131430497
0.53200000 	 -2.757816698428 	 -2.757819332766 	 0.002951507744 	 0.0130422975
0.53300000 	 -2.757816749308 	 -2.757819343416 	 0.002941184871 	 0.0129423249
0.53400000 	 -2.757816799484 	 -2.757819353979 	 0.002930890409 	 0.0128431259
0.53500000 	 -2.757816848965 	 -2.757819364454 	 0.002920624349 	 0.0127446942
0.53600000 	 -2.757816897761 	 -2.757819374842 	 0.002910386682 	 0.0126470242
0.53700000 	 -2.757816945883 	 -2.757819385146 	 0.002900177399 	 0.0125501097
0.53800000 	 -2.757816993339 	 -2.757819395364 	 0.002889996487 	 0.0124539449
0.53900000 	 -2.757817040140 	 -2.757819405498 	 0.002879843937 	 0.0123585240
0.54000000 	 -2.757817086296 	 -2.757819415549 	 0.002869719736 	 0.0122638412
0.54100000 	 -2.757817131815 	 -2.757819425517 	 0.002859623869 	 0.0121698908
0.54200000 	 -2.757817176707 	 -2.757819435404 	 0.002849556325 	 0.0120766671
0.54300000 	 -2.757817220981 	 -2.757819445209 	 0.002839517088 	 0.0119841644
0.54400000 	 -2.757817264646 	 -2.757819454933 	 0.002829506143 	 0.0118923771
0.54500000 	 -2.757817307710 	 -2.757819464578 	 0.002819523474 	 0.0118012996
0.54600000 	 -2.757817350183 	 -2.757819474143 	 0.002809569065 	 0.0117109265
0.54700000 	 -2.757817392073 	 -2.757819483631 	 0.002799642897 	 0.0116212523
0.54800000 	 -2.757817433389 	 -2.757819493040 	 0.002789744954 	 0.0115322715
0.54900000 	 -2.757817474138 	 -2.757819502372 	 0.002779875216 	 0.0114439787
0.55000000 	 -2.757817514329 	 -2.757819511628 	 0.002770033663 	 0.0113563686
0.55100000 	 -2.757817553971 	 -2.757819520807 	 0.002760220277 	 0.0112694359
0.55200000 	 -2.757817593070 	 -2.757819529912 	 0.002750435035 	 0.0111831753
0.55300000 	 -2.757817631635 	 -2.757819538942 	 0.002740677917 	 0.0110975816
0.55400000 	 -2.757817669673 	 -2.757819547898 	 0.002730948901 	 0.0110126497
0.55500000 	 -2.757817707192 	 -2.757819556781 	 0.002721247964 	 0.0109283742
0.55600000 	 -2.757817744201 	 -2.757819565592 	 0.002711575082 	 0.0108447503
0.55700000 	 -2.757817780705 	 -2.757819574330 	 0.002701930233 	 0.0107617727
0.55800000 	 -2.757817816712 	 -2.757819582997 	 0.002692313390 	 0.0106794366
0.55900000 	 -2.757817852229 	 -2.757819591593 	 0.002682724530 	 0.0105977368
0.56000000 	 -2.757817887264 	 -2.757819600119 	 0.002673163627 	 0.0105166684
0.56100000 	 -2.757817921823 	 -2.757819608575 	 0.002663630654 	 0.0104362266
0.56200000 	 -2.757817955914 	 -2.757819616963 	 0.002654125584 	 0.0103564065
0.56300000 	 -2.757817989542 	 -2.757819625282 	 0.002644648391 	 0.0102772032
0.56400000 	 -2.757818022715 	 -2.757819633533 	 0.002635199046 	 0.0101986119
0.56500000 	 -2.757818055438 	 -2.757819641716 	 0.002625777520 	 0.0101206279
0.56600000 	 -2.757818087720 	 -2.757819649833 	 0.002616383785 	 0.0100432465
0.56700000 	 -2.757818119565 	 -2.757819657884 	 0.002607017811 	 0.0099664630
0.56800000 	 -2.757818150980 	 -2.757819665870 	 0.002597679567 	 0.0098902727
0.56900000 	 -2.757818181971 	 -2.757819673790 	 0.002588369024 	 0.0098146711
0.57000000 	 -2.757818212545 	 -2.757819681646 	 0.002579086150 	 0.0097396535
0.57100000 	 -2.757818242707 	 -2.757819689438 	 0.002569830913 	 0.0096652154
0.57200000 	 -2.757818272463 	 -2.757819697166 	 0.002560603281 	 0.0095913524
0.57300000 	 -2.757818301820 	 -2.757819704832 	 0.002551403222 	 0.0095180599
0.57400000 	 -2.757818330781 	 -2.757819712435 	 0.002542230702 	 0.0094453335
0.57500000 	 -2.757818359354 	 -2.757819719977 	 0.002533085688 	 0.0093731688
0.57600000 	 -2.757818387544 	 -2.757819727457 	 0.002523968145 	 0.0093015615
0.57700000 	 -2.757818415357 	 -2.757819734876 	 0.002514878039 	 0.0092305072
0.57800000 	 -2.757818442796 	 -2.757819742235 	 0.002505815335 	 0.0091600016
0.57900000 	 -2.757818469869 	 -2.757819749535 	 0.002496779997 	 0.0090900405
0.58000000 	 -2.757818496580 	 -2.757819756775 	 0.002487771990 	 0.0090206196
0.58100000 	 -2.757818522935 	 -2.757819763956 	 0.002478791277 	 0.0089517348
0.58200000 	 -2.757818548938 	 -2.757819771079 	 0.002469837821 	 0.0088833818
0.58300000 	 -2.757818574594 	 -2.757819778145 	 0.002460911584 	 0.0088155566
0.58400000 	 -2.757818599909 	 -2.757819785153 	 0.002452012530 	 0.0087482550
0.58500000 	 -2.757818624886 	 -2.757819792104 	 0.002443140620 	 0.0086814730
0.58600000 	 -2.757818649532 	 -2.757819798999 	 0.002434295816 	 0.0086152066
0.58700000 	 -2.757818673850 	 -2.757819805837 	 0.002425478078 	 0.0085494516
0.58800000 	 -2.757818697846 	 -2.757819812621 	 0.002416687367 	 0.0084842043
0.58900000 	 -2.757818721523 	 -2.757819819350 	 0.002407923644 	 0.0084194605
0.59000000 	 -2.757818744887 	 -2.757819826024 	 0.002399186869 	 0.0083552165
0.59100000 	 -2.757818767942 	 -2.757819832644 	 0.002390477000 	 0.0082914683
0.59200000 	 -2.757818790692 	 -2.757819839210 	 0.002381793998 	 0.0082282121
0.59300000 	 -2.757818813141 	 -2.757819845723 	 0.002373137820 	 0.0081654441
0.59400000 	 -2.757818835294 	 -2.757819852184 	 0.002364508426 	 0.0081031604
0.59500000 	 -2.757818857155 	 -2.757819858592 	 0.002355905773 	 0.0080413573
0.59600000 	 -2.757818878728 	 -2.757819864949 	 0.002347329819 	 0.0079800311
0.59700000 	 -2.757818900016 	 -2.757819871254 	 0.002338780522 	 0.0079191781
0.59800000 	 -2.757818921025 	 -2.757819877508 	 0.002330257837 	 0.0078587946
0.59900000 	 -2.757818941758 	 -2.757819883712 	 0.002321761723 	 0.0077988769
0.60000000 	 -2.757818962219 	 -2.757819889865 	 0.002313292135 	 0.0077394214
0.60100000 	 -2.757818982412 	 -2.757819895969 	 0.002304849030 	 0.0076804247
0.60200000 	 -2.757819002339 	 -2.757819902023 	 0.002296432362 	 0.0076218829
0.60300000 	 -2.757819022007 	 -2.757819908029 	 0.002288042088 	 0.0075637928
0.60400000 	 -2.757819041416 	 -2.757819913986 	 0.002279678162 	 0.0075061507
0.60500000 	 -2.757819060573 	 -2.757819919895 	 0.002271340540 	 0.0074489532
0.60600000 	 -2.757819079479 	 -2.757819925756 	 0.002263029175 	 0.0073921967
0.60700000 	 -2.757819098139 	 -2.757819931570 	 0.002254744022 	 0.0073358780
0.60800000 	 -2.757819116555 	 -2.757819937337 	 0.002246485034 	 0.0072799936
0.60900000 	 -2.757819134732 	 -2.757819943057 	 0.002238252166 	 0.0072245401
0.61000000 	 -2.757819152673 	 -2.757819948732 	 0.002230045370 	 0.0071695142
0.61100000 	 -2.757819170381 	 -2.757819954360 	 0.002221864600 	 0.0071149125
0.61200000 	 -2.757819187859 	 -2.757819959943 	 0.002213709808 	 0.0070607319
0.61300000 	 -2.757819205110 	 -2.757819965482 	 0.002205580947 	 0.0070069689
0.61400000 	 -2.757819222138 	 -2.757819970975 	 0.002197477969 	 0.0069536204
0.61500000 	 -2.757819238945 	 -2.757819976424 	 0.002189400825 	 0.0069006831
0.61600000 	 -2.757819255535 	 -2.757819981830 	 0.002181349468 	 0.0068481539
0.61700000 	 -2.757819271911 	 -2.757819987191 	 0.002173323850 	 0.0067960295
0.61800000 	 -2.757819288076 	 -2.757819992510 	 0.002165323920 	 0.0067443069
0.61900000 	 -2.757819304032 	 -2.757819997786 	 0.002157349631 	 0.0066929829
0.62000000 	 -2.757819319783 	 -2.757820003019 	 0.002149400933 	 0.0066420545
0.62100000 	 -2.757819335331 	 -2.757820008210 	 0.002141477776 	 0.0065915185
0.62200000 	 -2.757819350680 	 -2.757820013359 	 0.002133580112 	 0.0065413720
0.62300000 	 -2.757819365832 	 -2.757820018467 	 0.002125707889 	 0.0064916118
0.62400000 	 -2.757819380789 	 -2.757820023534 	 0.002117861057 	 0.0064422350
0.62500000 	 -2.757819395554 	 -2.757820028560 	 0.002110039567 	 0.0063932387
0.62600000 	 -2.757819410131 	 -2.757820033546 	 0.002102243368 	 0.0063446198
0.62700000 	 -2.757819424521 	 -2.757820038491 	 0.002094472408 	 0.0062963755
0.62800000 	 -2.757819438728 	 -2.757820043397 	 0.002086726637 	 0.0062485028
0.62900000 	 -2.757819452753 	 -2.757820048263 	 0.002079006005 	 0.0062009989
0.63000000 	 -2.757819466599 	 -2.757820053090 	 0.002071310458 	 0.0061538609
0.63100000 	 -2.757819480269 	 -2.757820057878 	 0.002063639946 	 0.0061070859
0.63200000 	 -2.757819493765 	 -2.757820062628 	 0.002055994417 	 0.0060606711
0.63300000 	 -2.757819507090 	 -2.757820067340 	 0.002048373820 	 0.0060146138
0.63400000 	 -2.757819520246 	 -2.757820072013 	 0.002040778101 	 0.0059689112
0.63500000 	 -2.757819533234 	 -2.757820076649 	 0.002033207208 	 0.0059235605
0.63600000 	 -2.757819546058 	 -2.757820081248 	 0.002025661090 	 0.0058785590
0.63700000 	 -2.757819558720 	 -2.757820085810 	 0.002018139693 	 0.0058339040
0.63800000 	 -2.757819571222 	 -2.757820090336 	 0.002010642965 	 0.0057895928
0.63900000 	 -2.757819583566 	 -2.757820094824 	 0.002003170853 	 0.0057456227
0.64000000 	 -2.757819595754 	 -2.757820099277 	 0.001995723303 	 0.0057019910
0.64100000 	 -2.757819607789 	 -2.757820103694 	 0.001988300263 	 0.0056586953
0.64200000 	 -2.757819619672 	 -2.757820108076 	 0.001980901679 	 0.0056157328
0.64300000 	 -2.757819631406 	 -2.757820112422 	 0.001973527496 	 0.0055731010
0.64400000 	 -2.757819642992 	 -2.757820116734 	 0.001966177663 	 0.0055307972
0.64500000 	 -2.757819654433 	 -2.757820121011 	 0.001958852124 	 0.0054888191
0.64600000 	 -2.757819665731 	 -2.757820125254 	 0.001951550826 	 0.0054471640
0.64700000 	 -2.757819676887 	 -2.757820129462 	 0.001944273715 	 0.0054058294
0.64800000 	 -2.757819687903 	 -2.757820133637 	 0.001937020736 	 0.0053648128
0.64900000 	 -2.757819698782 	 -2.757820137778 	 0.001929791835 	 0.0053241119
0.65000000 	 -2.757819709525 	 -2.757820141886 	 0.001922586958 	 0.0052837241
0.65100000 	 -2.757819720134 	 -2.757820145961 	 0.001915406049 	 0.0052436470
0.65200000 	 -2.757819730611 	 -2.757820150004 	 0.001908249055 	 0.0052038782
0.65300000 	 -2.757819740958 	 -2.757820154014 	 0.001901115920 	 0.0051644153
0.65400000 	 -2.757819751176 	 -2.757820157991 	 0.001894006589 	 0.0051252559
0.65500000 	 -2.757819761267 	 -2.757820161937 	 0.001886921008 	 0.0050863977
0.65600000 	 -2.757819771233 	 -2.757820165851 	 0.001879859121 	 0.0050478384
0.65700000 	 -2.757819781076 	 -2.757820169734 	 0.001872820872 	 0.0050095756
0.65800000 	 -2.757819790796 	 -2.757820173586 	 0.001865806208 	 0.0049716071
0.65900000 	 -2.757819800397 	 -2.757820177407 	 0.001858815071 	 0.0049339305
0.66000000 	 -2.757819809879 	 -2.757820181197 	 0.001851847406 	 0.0048965436
0.66100000 	 -2.757819819244 	 -2.757820184957 	 0.001844903158 	 0.0048594441
0.66200000 	 -2.757819828494 	 -2.757820188686 	 0.001837982272 	 0.0048226299
0.66300000 	 -2.757819837630 	 -2.757820192386 	 0.001831084690 	 0.0047860986
0.66400000 	 -2.757819846654 	 -2.757820196056 	 0.001824210358 	 0.0047498482
0.66500000 	 -2.757819855567 	 -2.757820199697 	 0.001817359219 	 0.0047138765
0.66600000 	 -2.757819864370 	 -2.757820203309 	 0.001810531218 	 0.0046781812
0.66700000 	 -2.757819873066 	 -2.757820206891 	 0.001803726297 	 0.0046427602
0.66800000 	 -2.757819881655 	 -2.757820210445 	 0.001796944402 	 0.0046076115
0.66900000 	 -2.757819890139 	 -2.757820213970 	 0.001790185475 	 0.0045727329
0.67000000 	 -2.757819898520 	 -2.757820217467 	 0.001783449460 	 0.0045381222
0.67100000 	 -2.757819906798 	 -2.757820220937 	 0.001776736301 	 0.0045037776
0.67200000 	 -2.757819914976 	 -2.757820224378 	 0.001770045942 	 0.0044696968
0.67300000 	 -2.757819923054 	 -2.757820227792 	 0.001763378326 	 0.0044358778
0.67400000 	 -2.757819931034 	 -2.757820231178 	 0.001756733396 	 0.0044023186
0.67500000 	 -2.757819938917 	 -2.757820234537 	 0.001750111096 	 0.0043690172
0.67600000 	 -2.757819946704 	 -2.757820237870 	 0.001743511369 	 0.0043359716
0.67700000 	 -2.757819954397 	 -2.757820241175 	 0.001736934158 	 0.0043031799
0.67800000 	 -2.757819961997 	 -2.757820244455 	 0.001730379406 	 0.0042706399
0.67900000 	 -2.757819969505 	 -2.757820247708 	 0.001723847058 	 0.0042383499
0.68000000 	 -2.757819976923 	 -2.757820250935 	 0.001717337055 	 0.0042063078
0.68100000 	 -2.757819984251 	 -2.757820254136 	 0.001710849341 	 0.0041745118
0.68200000 	 -2.757819991491 	 -2.757820257311 	 0.001704383859 	 0.0041429599
0.68300000 	 -2.757819998643 	 -2.757820260461 	 0.001697940553 	 0.0041116502
0.68400000 	 -2.757820005710 	 -2.757820263586 	 0.001691519364 	 0.0040805810
0.68500000 	 -2.757820012692 	 -2.757820266686 	 0.001685120237 	 0.0040497502
0.68600000 	 -2.757820019590 	 -2.757820269761 	 0.001678743113 	 0.0040191561
0.68700000 	 -2.757820026405 	 -2.757820272811 	 0.001672387936 	 0.0039887968
0.68800000 	 -2.757820033139 	 -2.757820275837 	 0.001666054649 	 0.0039586705
0.68900000 	 -2.757820039792 	 -2.757820278838 	 0.001659743195 	 0.0039287754
0.69000000 	 -2.757820046366 	 -2.757820281816 	 0.001653453516 	 0.0038991097
0.69100000 	 -2.757820052862 	 -2.757820284770 	 0.001647185555 	 0.0038696717
0.69200000 	 -2.757820059280 	 -2.757820287700 	 0.001640939256 	 0.0038404596
0.69300000 	 -2.757820065622 	 -2.757820290607 	 0.001634714561 	 0.0038114716
0.69400000 	 -2.757820071889 	 -2.757820293490 	 0.001628511412 	 0.0037827059
0.69500000 	 -2.757820078081 	 -2.757820296351 	 0.001622329753 	 0.0037541610
0.69600000 	 -2.757820084200 	 -2.757820299188 	 0.001616169526 	 0.0037258350
0.69700000 	 -2.757820090246 	 -2.757820302003 	 0.001610030674 	 0.0036977263
0.69800000 	 -2.757820096221 	 -2.757820304795 	 0.001603913140 	 0.0036698331
0.69900000 	 -2.757820102126 	 -2.757820307565 	 0.001597816867 	 0.0036421539
0.70000000 	 -2.757820107960 	 -2.757820310313 	 0.001591741797 	 0.0036146870
0.70100000 	 -2.757820113726 	 -2.757820313039 	 0.001585687873 	 0.0035874306
0.70200000 	 -2.757820119424 	 -2.757820315743 	 0.001579655038 	 0.0035603833
0.70300000 	 -2.757820125055 	 -2.757820318425 	 0.001573643234 	 0.0035335433
0.70400000 	 -2.757820130620 	 -2.757820321086 	 0.001567652406 	 0.0035069091
0.70500000 	 -2.757820136120 	 -2.757820323725 	 0.001561682494 	 0.0034804791
0.70600000 	 -2.757820141555 	 -2.757820326344 	 0.001555733442 	 0.0034542517
0.70700000 	 -2.757820146927 	 -2.757820328941 	 0.001549805193 	 0.0034282253
0.70800000 	 -2.757820152236 	 -2.757820331518 	 0.001543897690 	 0.0034023984
0.70900000 	 -2.757820157482 	 -2.757820334074 	 0.001538010876 	 0.0033767694
0.71000000 	 -2.757820162668 	 -2.757820336610 	 0.001532144692 	 0.0033513368
0.71100000 	 -2.757820167793 	 -2.757820339125 	 0.001526299084 	 0.0033260991
0.71200000 	 -2.757820172859 	 -2.757820341620 	 0.001520473992 	 0.0033010547
0.71300000 	 -2.757820177866 	 -2.757820344096 	 0.001514669360 	 0.0032762023
0.71400000 	 -2.757820182814 	 -2.757820346551 	 0.001508885131 	 0.0032515402
0.71500000 	 -2.757820187706 	 -2.757820348987 	 0.001503121248 	 0.0032270670
0.71600000 	 -2.757820192540 	 -2.757820351403 	 0.001497377655 	 0.0032027813
0.71700000 	 -2.757820197319 	 -2.757820353800 	 0.001491654293 	 0.0031786817
0.71800000 	 -2.757820202043 	 -2.757820356178 	 0.001485951106 	 0.0031547666
0.71900000 	 -2.757820206712 	 -2.757820358537 	 0.001480268037 	 0.0031310346
0.72000000 	 -2.757820211327 	 -2.757820360877 	 0.001474605030 	 0.0031074843
0.72100000 	 -2.757820215889 	 -2.757820363198 	 0.001468962027 	 0.0030841144
0.72200000 	 -2.757820220399 	 -2.757820365500 	 0.001463338972 	 0.0030609234
0.72300000 	 -2.757820224857 	 -2.757820367785 	 0.001457735807 	 0.0030379100
0.72400000 	 -2.757820229263 	 -2.757820370051 	 0.001452152476 	 0.0030150727
0.72500000 	 -2.757820233620 	 -2.757820372298 	 0.001446588923 	 0.0029924102
0.72600000 	 -2.757820237926 	 -2.757820374528 	 0.001441045091 	 0.0029699212
0.72700000 	 -2.757820242183 	 -2.757820376740 	 0.001435520922 	 0.0029476043
0.72800000 	 -2.757820246392 	 -2.757820378935 	 0.001430016361 	 0.0029254582
0.72900000 	 -2.757820250553 	 -2.757820381111 	 0.001424531351 	 0.0029034816
0.73000000 	 -2.757820254666 	 -2.757820383271 	 0.001419065836 	 0.0028816731
0.73100000 	 -2.757820258732 	 -2.757820385413 	 0.001413619759 	 0.0028600314
0.73200000 	 -2.757820262753 	 -2.757820387538 	 0.001408193063 	 0.0028385554
0.73300000 	 -2.757820266727 	 -2.757820389646 	 0.001402785692 	 0.0028172436
0.73400000 	 -2.757820270657 	 -2.757820391737 	 0.001397397591 	 0.0027960948
0.73500000 	 -2.757820274542 	 -2.757820393811 	 0.001392028702 	 0.0027751078
0.73600000 	 -2.757820278383 	 -2.757820395869 	 0.001386678970 	 0.0027542813
